23
3 2 0 4 1 200 0 0 100 100 1
3 3 0 28 16 300 1 0 100 100 0
3 3 30 8 16 300 0 0 100 1000000 0
4 2 0 4 1 200 0 0 100 100 1
4 3 0 28 16 300 1 0 100 100 0
4 3 30 8 16 300 0 0 100 1000000 0
5 2 0 4 1 200 0 0 100 100 1
5 3 0 28 16 300 1 0 100 100 0
5 3 30 8 16 300 0 0 100 1000000 0
6 2 0 4 1 200 0 0 100 100 1
6 3 0 28 16 300 1 0 100 100 0
6 3 30 8 16 300 0 0 100 1000000 0
7 2 0 16 1 300 0 0 29 100 1
8 2 0 16 1 300 0 0 29 100 1
9 2 0 16 1 300 0 0 29 100 1
10 2 0 16 1 300 0 0 29 100 1
11 2 0 16 1 300 0 0 29 100 1
12 2 0 16 1 300 0 0 29 100 1
13 2 0 16 1 300 0 0 29 100 1
14 2 0 16 1 300 0 0 29 100 1
17 2 0 16 1 300 0 0 29 100 1
18 2 0 16 1 300 0 0 29 100 1
19 2 0 16 1 300 0 0 29 100 1
