48
1 MODBUS主站协议 4 0
2 MODBUS从站协议 5 1
3 DNP3.0主站协议 4 0
4 DNP3.0从站协议 5 3
5 IEC60870-5-104:2002主站协议 4 0
6 IEC60870-5-104:2002从站协议 5 5
7 IEC_870_5_101主站协议(DL/T634-1997) 4 0
8 IEC_870_5_101从站协议(DL/T634-1997) 5 7
9 新部颁CDT主站协议 0 0
10 新部颁CDT从站协议 1 9
11 IEC_870_5_103(DL/T667-1999) 4 0
12 部颁电度表DLT645 0 0
13 深圳物润直流屏 0 0
14 TOPSCADA协议 0 0
15 虚拟协议 2 0
16 电话拨号协议 1 0
17 GSM拨号协议 1 0
18 SC1801调度端协议 0 0
19 SC1801RTU端协议 1 0
20 SEL保护SEL协议 0 0
21 上海思源消弧SYEC 0 0
22 西安中冠电压无功DWK3 0 0
23 维坊直流屏DPMZ 0 0
24 转发电度协议 1 0
25 南瑞DISA主站协议 0 0
26 南瑞DISA从站协议 1 0
27 上海久创保护协议 0 0
28 CAN协议 0 0
29 寿力控制器协议 0 0
30 ABBSPA协议 0 0
31 长沙飞雁直流屏协议 0 0
32 南宁森莱PCK协议 0 0
33 XT9702主站协议 0 0
34 XT9702从站协议 1 0
35 上海恒力直流屏协议 4 0
36 IEC102_TCP_SERVER 4 0
37 清华紫光DCAP协议 4 0
38 吉林永大DLT645协议 4 0
39 QS196H小电流装置协议 4 0
40 IEC61850主站协议 4 0
41 IEC61850从站协议 5 1
42 烟台远大GPS时钟同步协议 0 0
43 扩展IEC103协议 4 0
44 UDPXT9702从站协议 1 0
45 LTM温湿度仪 4 0
46 IEC103TCP协议 4 0
57 BND_UPS 4 0
62 鹰瑞三相UPS 4 0
