65
37 3 0 0 1 0 0
38 3 0 3 1 0 0
39 3 0 4 1 0 0
40 3 0 5 1 0 0
41 3 0 6 1 0 0
42 3 0 7 1 0 0
43 3 0 8 1 0 0
44 3 0 9 1 0 0
45 3 0 10 1 0 0
46 3 0 11 1 0 0
47 3 0 12 1 0 0
48 3 0 13 1 0 0
49 3 0 14 1 0 0
50 3 0 24 1 0 0
51 3 0 30 1 0 0
52 3 0 31 1 0 0
53 4 0 0 1 0 0
54 4 0 3 1 0 0
55 4 0 4 1 0 0
56 4 0 5 1 0 0
57 4 0 6 1 0 0
58 4 0 7 1 0 0
59 4 0 8 1 0 0
60 4 0 9 1 0 0
61 4 0 10 1 0 0
62 4 0 11 1 0 0
63 4 0 12 1 0 0
64 4 0 13 1 0 0
65 4 0 14 1 0 0
66 4 0 24 1 0 0
67 4 0 30 1 0 0
68 4 0 31 1 0 0
69 5 0 0 1 0 0
70 5 0 3 1 0 0
71 5 0 4 1 0 0
72 5 0 5 1 0 0
73 5 0 6 1 0 0
74 5 0 7 1 0 0
75 5 0 8 1 0 0
76 5 0 9 1 0 0
77 5 0 10 1 0 0
78 5 0 11 1 0 0
79 5 0 12 1 0 0
22 3 0 0 0 0 0
80 5 0 13 1 0 0
81 5 0 14 1 0 0
82 5 0 24 1 0 0
83 5 0 30 1 0 0
84 5 0 31 1 0 0
85 6 0 0 1 0 0
86 6 0 3 1 0 0
87 6 0 4 1 0 0
88 6 0 5 1 0 0
89 6 0 6 1 0 0
90 6 0 7 1 0 0
91 6 0 8 1 0 0
92 6 0 9 1 0 0
93 6 0 10 1 0 0
94 6 0 11 1 0 0
95 6 0 12 1 0 0
96 6 0 13 1 0 0
97 6 0 14 1 0 0
98 6 0 24 1 0 0
99 6 0 30 1 0 0
100 6 0 31 1 0 0
