90
5 5 0 1 0
15 8 0 0 0
16 8 0 1 0
17 8 0 2 0
18 8 0 3 0
19 8 0 4 0
20 8 0 5 0
21 8 0 6 0
22 8 0 7 0
23 9 0 0 0
24 9 0 1 0
25 9 0 2 0
26 9 0 3 0
27 9 0 4 0
28 9 0 5 0
29 9 0 6 0
30 9 0 7 0
31 10 0 0 0
32 10 0 1 0
33 10 0 2 0
55 13 0 0 0
56 13 0 1 0
57 13 0 2 0
58 13 0 3 0
59 13 0 4 0
60 13 0 5 0
61 13 0 6 0
62 13 0 7 0
63 14 0 0 0
64 14 0 1 0
65 14 0 2 0
66 14 0 3 0
67 14 0 4 0
68 14 0 5 0
69 14 0 6 0
70 14 0 7 0
90 19 0 0 0
91 19 0 1 0
92 19 0 2 0
93 19 0 3 0
94 19 0 4 0
95 19 0 5 0
96 19 0 6 0
97 19 0 7 0
34 10 0 3 0
35 10 0 4 0
36 10 0 5 0
37 10 0 6 0
38 10 0 7 0
39 11 0 0 0
40 11 0 1 0
41 11 0 2 0
42 11 0 3 0
43 11 0 4 0
44 11 0 5 0
45 11 0 6 0
46 11 0 7 0
47 12 0 0 0
48 12 0 1 0
49 12 0 2 0
50 12 0 3 0
51 12 0 4 0
52 12 0 5 0
53 12 0 6 0
54 12 0 7 0
71 17 0 0 0
72 17 0 1 0
73 17 0 2 0
74 17 0 3 0
78 17 0 4 0
79 17 0 5 0
80 17 0 6 0
81 17 0 7 0
82 18 0 0 0
83 18 0 1 0
84 18 0 2 0
85 18 0 3 0
86 18 0 4 0
87 18 0 5 0
88 18 0 6 0
89 18 0 7 0
6 6 0 1 0
7 7 0 0 0
8 7 0 1 0
9 7 0 2 0
10 7 0 3 0
11 7 0 4 0
12 7 0 5 0
13 7 0 6 0
14 7 0 7 0
