207
67 3 0 0 0
68 3 0 1 0
69 3 0 2 0
70 3 0 3 0
71 3 65535 65535 0
72 4 0 0 0
73 4 0 1 0
74 4 0 2 0
75 4 0 3 0
76 4 65535 65535 0
77 5 0 0 0
78 5 0 1 0
79 5 0 2 0
80 5 0 3 0
81 5 65535 65535 0
102 7 0 15 0
103 7 65535 65535 0
104 8 0 0 0
105 8 0 1 0
106 8 0 2 0
107 8 0 3 0
108 8 0 4 0
109 8 0 5 0
110 8 0 6 0
111 8 0 7 0
112 8 0 8 0
113 8 0 9 0
114 8 0 10 0
115 8 0 11 0
116 8 0 12 0
117 8 0 13 0
118 8 0 14 0
119 8 0 15 0
120 8 65535 65535 0
121 9 0 0 0
122 9 0 1 0
123 9 0 2 0
124 9 0 3 0
125 9 0 4 0
126 9 0 5 0
127 9 0 6 0
128 9 0 7 0
129 9 0 8 0
130 9 0 9 0
131 9 0 10 0
132 9 0 11 0
133 9 0 12 0
134 9 0 13 0
135 9 0 14 0
136 9 0 15 0
137 9 65535 65535 0
172 12 0 0 0
173 12 0 1 0
174 12 0 2 0
175 12 0 3 0
176 12 0 4 0
177 12 0 5 0
178 12 0 6 0
179 12 0 7 0
180 12 0 8 0
181 12 0 9 0
182 12 0 10 0
183 12 0 11 0
184 12 0 12 0
185 12 0 13 0
186 12 0 14 0
187 12 0 15 0
188 12 65535 65535 0
189 13 0 0 0
190 13 0 1 0
191 13 0 2 0
192 13 0 3 0
193 13 0 4 0
194 13 0 5 0
195 13 0 6 0
196 13 0 7 0
197 13 0 8 0
198 13 0 9 0
199 13 0 10 0
200 13 0 11 0
201 13 0 12 0
202 13 0 13 0
203 13 0 14 0
204 13 0 15 0
205 13 65535 65535 0
206 14 0 0 0
207 14 0 1 0
208 14 0 2 0
209 14 0 3 0
210 14 0 4 0
250 18 0 10 0
251 18 0 11 0
252 18 0 12 0
253 18 0 13 0
254 18 0 14 0
255 18 0 15 0
256 18 65535 65535 0
257 19 0 0 0
258 19 0 1 0
259 19 0 2 0
260 19 0 3 0
261 19 0 4 0
262 19 0 5 0
263 19 0 6 0
264 19 0 7 0
265 19 0 8 0
266 19 0 9 0
267 19 0 10 0
268 19 0 11 0
269 19 0 12 0
270 19 0 13 0
271 19 0 14 0
272 19 0 15 0
273 19 65535 65535 0
138 10 0 0 0
139 10 0 1 0
140 10 0 2 0
141 10 0 3 0
142 10 0 4 0
143 10 0 5 0
144 10 0 6 0
145 10 0 7 0
146 10 0 8 0
147 10 0 9 0
148 10 0 10 0
149 10 0 11 0
150 10 0 12 0
151 10 0 13 0
152 10 0 14 0
153 10 0 15 0
154 10 65535 65535 0
155 11 0 0 0
156 11 0 1 0
157 11 0 2 0
158 11 0 3 0
159 11 0 4 0
160 11 0 5 0
161 11 0 6 0
162 11 0 7 0
163 11 0 8 0
164 11 0 9 0
165 11 0 10 0
166 11 0 11 0
167 11 0 12 0
168 11 0 13 0
169 11 0 14 0
170 11 0 15 0
171 11 65535 65535 0
211 14 0 5 0
212 14 0 6 0
213 14 0 7 0
214 14 0 8 0
215 14 0 9 0
216 14 0 10 0
217 14 0 11 0
218 14 0 12 0
219 14 0 13 0
220 14 0 14 0
221 14 0 15 0
222 14 65535 65535 0
223 17 0 0 0
224 17 0 1 0
225 17 0 2 0
226 17 0 3 0
227 17 0 4 0
228 17 0 5 0
229 17 0 6 0
230 17 0 7 0
231 17 0 8 0
232 17 0 9 0
233 17 0 10 0
234 17 0 11 0
235 17 0 12 0
236 17 0 13 0
237 17 0 14 0
238 17 0 15 0
239 17 65535 65535 0
240 18 0 0 0
241 18 0 1 0
242 18 0 2 0
243 18 0 3 0
244 18 0 4 0
245 18 0 5 0
246 18 0 6 0
247 18 0 7 0
248 18 0 8 0
249 18 0 9 0
82 6 0 0 0
83 6 0 1 0
84 6 0 2 0
85 6 0 3 0
86 6 65535 65535 0
87 7 0 0 0
88 7 0 1 0
89 7 0 2 0
90 7 0 3 0
91 7 0 4 0
92 7 0 5 0
93 7 0 6 0
94 7 0 7 0
95 7 0 8 0
96 7 0 9 0
97 7 0 10 0
98 7 0 11 0
99 7 0 12 0
100 7 0 13 0
101 7 0 14 0
